18.000000 11.081144 
19.000000 10.939852 
20.000000 10.900713 
21.000000 10.773833 
22.000000 10.813386 
23.000000 10.925983 
24.000000 11.146617 
25.000000 11.591355 
26.000000 12.153554 
26.858044 13.000000 
27.665226 14.000000 
27.985826 15.000000 
27.841154 16.000000 
27.496468 17.000000 
26.667868 18.000000 
26.000000 18.722509 
25.000000 19.329502 
24.000000 19.887196 
23.000000 20.350883 
22.000000 20.772551 
21.000000 21.080017 
20.000000 21.266272 
19.000000 21.484137 
18.000000 21.500000 
17.000000 21.388863 
16.000000 21.388731 
15.000000 21.176060 
14.000000 20.912947 
13.000000 20.552750 
12.000000 20.068348 
11.117232 19.000000 
10.493293 18.000000 
10.278947 17.000000 
10.538415 16.000000 
11.028111 15.000000 
11.856770 14.000000 
13.000000 12.985600 
14.000000 12.456178 
15.000000 11.970682 
16.000000 11.633494 
17.000000 11.313243 
18.000000 11.081144 
