56.000000 24.427954 
57.000000 24.300358 
58.000000 24.310677 
59.000000 24.500000 
60.000000 24.656939 
61.000000 24.940258 
62.000000 25.135557 
63.000000 25.318031 
64.000000 25.652882 
65.000000 25.994608 
66.000000 26.382561 
67.000000 26.837963 
68.000000 27.299845 
69.000000 27.966629 
70.000000 28.666542 
71.000000 29.312592 
72.000000 30.017181 
73.000000 30.862988 
74.195457 32.000000 
75.022018 33.000000 
75.748375 34.000000 
76.342438 35.000000 
76.962151 36.000000 
77.571663 37.000000 
78.121483 38.000000 
78.626511 39.000000 
78.946236 40.000000 
79.265991 41.000000 
79.500000 42.000000 
79.719780 43.000000 
79.821419 44.000000 
80.011253 45.000000 
80.247055 46.000000 
80.412888 47.000000 
80.414017 48.000000 
80.375130 49.000000 
80.240578 50.000000 
80.102966 51.000000 
79.959045 52.000000 
79.870499 53.000000 
79.608521 54.000000 
79.396690 55.000000 
79.110886 56.000000 
78.768791 57.000000 
78.321716 58.000000 
77.926399 59.000000 
77.376938 60.000000 
76.861641 61.000000 
76.243263 62.000000 
75.593330 63.000000 
74.863029 64.000000 
74.039337 65.000000 
72.993202 66.000000 
71.750000 67.000000 
71.000000 67.884369 
70.000000 68.625412 
69.000000 69.200516 
68.000000 69.816284 
67.000000 70.458649 
66.000000 71.066681 
65.000000 71.598167 
64.000000 71.947418 
63.000000 72.220093 
62.000000 72.544754 
61.000000 72.716690 
60.000000 72.962616 
59.000000 73.166626 
58.000000 73.286842 
57.000000 73.284447 
56.000000 73.352043 
55.000000 73.362442 
54.000000 73.376549 
53.000000 73.263046 
52.000000 73.135452 
51.000000 72.969398 
50.000000 72.745331 
49.000000 72.445770 
48.000000 72.205818 
47.000000 72.030922 
46.000000 71.707397 
45.000000 71.207077 
44.000000 70.678543 
43.000000 70.129448 
42.000000 69.607834 
41.000000 68.803947 
40.000000 67.860863 
39.000000 66.957329 
38.000000 66.002068 
36.994671 65.000000 
36.169964 64.000000 
35.455376 63.000000 
34.765175 62.000000 
34.178513 61.000000 
33.683475 60.000000 
33.229828 59.000000 
32.960361 58.000000 
32.639568 57.000000 
32.344284 56.000000 
31.998165 55.000000 
31.763948 54.000000 
31.521338 53.000000 
31.387953 52.000000 
31.375393 51.000000 
31.323416 50.000000 
31.335346 49.000000 
31.375536 48.000000 
31.494274 47.000000 
31.616035 46.000000 
31.730164 45.000000 
31.954166 44.000000 
32.188454 43.000000 
32.485313 42.000000 
32.835663 41.000000 
33.272335 40.000000 
33.783276 39.000000 
34.311024 38.000000 
34.923222 37.000000 
35.530186 36.000000 
36.091953 35.000000 
36.780769 34.000000 
37.601685 33.000000 
39.000000 31.620872 
40.000000 30.652685 
41.000000 29.825806 
42.000000 29.122061 
43.000000 28.448654 
44.000000 27.787792 
45.000000 27.228823 
46.000000 26.724253 
47.000000 26.267395 
48.000000 25.923805 
49.000000 25.661367 
50.000000 25.362738 
51.000000 25.100197 
52.000000 24.864180 
53.000000 24.693342 
54.000000 24.557270 
55.000000 24.431355 
56.000000 24.427954 
