47.697308 55.000000 
49.037342 54.000000 
50.249451 53.000000 
51.463303 52.000000 
52.517960 51.000000 
52.878937 50.000000 
53.420826 49.000000 
53.752544 48.000000 
53.967812 47.000000 
53.833405 46.000000 
54.166660 45.000000 
54.552280 44.000000 
54.500000 43.000000 
54.833706 42.000000 
54.218388 41.000000 
52.628567 40.000000 
52.172249 39.000000 
52.176476 38.000000 
51.986076 37.000000 
51.733814 36.000000 
51.378006 35.000000 
50.926197 34.000000 
50.380249 33.000000 
49.818420 32.000000 
49.197506 31.000000 
48.537380 30.000000 
47.818047 29.000000 
46.971252 28.000000 
46.000000 28.473637 
45.000000 27.643000 
44.000000 27.181438 
43.000000 27.146025 
42.000000 26.941423 
41.000000 26.825632 
40.000000 26.906132 
39.000000 27.221476 
38.000000 27.270380 
37.000000 27.441038 
36.000000 27.901228 
35.000000 28.303091 
34.000000 29.046061 
32.047848 29.000000 
31.351412 30.000000 
30.768988 31.000000 
30.147907 32.000000 
29.546799 33.000000 
28.949957 34.000000 
28.000000 34.451687 
27.760611 36.000000 
27.073553 37.000000 
26.820824 38.000000 
26.541079 39.000000 
26.312458 40.000000 
26.117020 41.000000 
26.004852 42.000000 
25.969393 43.000000 
26.022741 44.000000 
26.107170 45.000000 
26.285812 46.000000 
26.745388 47.000000 
27.327995 48.000000 
27.990961 49.000000 
28.566799 50.000000 
29.309866 51.000000 
30.058155 52.000000 
30.708958 53.000000 
