32.876923 54.000000 
34.000000 54.748081 
35.000000 54.616707 
36.000000 54.500000 
37.000000 54.248260 
38.000000 54.117165 
39.000000 54.370899 
40.000000 54.659481 
41.000000 54.750000 
42.000000 54.500000 
43.000000 54.500000 
44.000000 54.624973 
45.000000 54.500000 
46.000000 53.896568 
48.301323 53.000000 
49.608311 53.000000 
50.757008 52.000000 
51.522167 51.000000 
52.107334 50.000000 
52.588188 49.000000 
52.959232 48.000000 
53.178097 47.000000 
53.250221 46.000000 
53.166603 45.000000 
54.042385 44.000000 
54.245102 43.000000 
54.500000 42.000000 
54.016369 41.000000 
52.327190 40.000000 
52.184750 39.000000 
51.843578 38.000000 
51.843491 37.000000 
51.633816 36.000000 
51.300743 35.000000 
50.836143 34.000000 
50.376442 33.000000 
49.982609 32.000000 
49.389591 31.000000 
48.591209 30.000000 
47.598320 29.000000 
46.870636 28.000000 
46.000000 27.000000 
45.000000 27.108215 
44.000000 26.599810 
43.000000 26.311729 
42.000000 26.117338 
41.000000 26.049397 
40.000000 26.166651 
39.000000 26.136780 
38.000000 26.521225 
37.000000 26.768976 
36.000000 27.025654 
35.000000 27.511288 
34.000000 28.093908 
31.756199 28.000000 
31.125710 29.000000 
30.493755 30.000000 
29.927280 31.000000 
29.294371 32.000000 
28.682497 33.000000 
28.000000 33.366749 
27.449251 35.000000 
26.755373 36.000000 
26.365623 37.000000 
26.174402 38.000000 
25.937677 39.000000 
25.662336 40.000000 
25.492350 41.000000 
25.447725 42.000000 
