45.000000 53.083115 
46.000000 52.682148 
47.000000 52.068794 
48.316502 51.000000 
49.134075 50.000000 
49.816139 49.000000 
50.332619 48.000000 
50.757099 47.000000 
51.019268 46.000000 
51.226681 45.000000 
51.397861 44.000000 
51.555054 43.000000 
51.585266 42.000000 
51.608650 41.000000 
51.577217 40.000000 
51.495335 39.000000 
51.327274 38.000000 
51.112087 37.000000 
50.776245 36.000000 
50.279236 35.000000 
49.713734 34.000000 
49.024765 33.000000 
48.244923 32.000000 
47.283710 31.000000 
46.000000 29.927233 
45.000000 29.122992 
44.000000 28.506475 
43.000000 28.125854 
42.000000 27.868347 
41.000000 27.611401 
40.000000 27.430355 
39.000000 27.299009 
38.000000 27.266048 
37.000000 27.340071 
36.000000 27.465916 
35.000000 27.390348 
34.000000 27.347240 
33.000000 27.379959 
32.000000 27.805405 
31.000000 28.313183 
30.000000 28.904608 
29.000000 29.433611 
28.000000 30.012384 
27.000000 30.764719 
26.473173 32.000000 
25.542149 33.000000 
24.428284 34.000000 
23.849504 35.000000 
23.612766 36.000000 
23.444546 37.000000 
23.387440 38.000000 
23.370739 39.000000 
23.376734 40.000000 
23.500000 41.000000 
23.680912 42.000000 
23.924887 43.000000 
24.212040 44.000000 
24.513323 45.000000 
24.863483 46.000000 
25.169817 47.000000 
25.586485 48.000000 
26.143385 49.000000 
26.856300 50.000000 
27.623920 51.000000 
28.400915 52.000000 
