36.000000 26.508162 
35.000000 26.619835 
34.000000 26.591650 
33.000000 26.724432 
32.000000 26.966434 
31.000000 27.464874 
30.000000 28.043293 
29.000000 28.626966 
28.000000 29.246080 
27.000000 29.953850 
26.636890 31.000000 
25.804701 32.000000 
24.827003 33.000000 
23.714970 34.000000 
23.301702 35.000000 
23.185881 36.000000 
23.186249 37.000000 
23.194899 38.000000 
23.209963 39.000000 
23.327248 40.000000 
23.510439 41.000000 
23.748398 42.000000 
24.034876 43.000000 
24.361315 44.000000 
24.745050 45.000000 
25.128609 46.000000 
25.576595 47.000000 
26.070564 48.000000 
26.679432 49.000000 
27.318083 50.000000 
28.127594 51.000000 
29.000000 51.810070 
30.000000 52.511990 
31.000000 52.937561 
32.000000 53.277328 
33.000000 53.588455 
34.000000 53.749897 
35.000000 53.837757 
36.000000 53.934509 
37.000000 54.023232 
38.000000 54.057976 
39.000000 54.082336 
40.000000 53.993874 
41.000000 53.814075 
42.000000 53.581615 
43.000000 53.198936 
44.000000 52.837997 
45.000000 52.294483 
46.000000 51.701515 
47.000000 50.886330 
47.882317 50.000000 
48.687958 49.000000 
49.310619 48.000000 
49.858818 47.000000 
50.222645 46.000000 
50.522758 45.000000 
50.764530 44.000000 
50.963882 43.000000 
51.072014 42.000000 
51.137856 41.000000 
51.133366 40.000000 
51.028519 39.000000 
50.928879 38.000000 
50.799786 37.000000 
50.579453 36.000000 
50.156952 35.000000 
49.690426 34.000000 
49.084267 33.000000 
48.424015 32.000000 
47.618668 31.000000 
46.632874 30.000000 
46.000000 29.511871 
45.000000 28.768707 
44.000000 28.105316 
43.000000 27.593262 
42.000000 27.186705 
41.000000 26.917645 
40.000000 26.678089 
39.000000 26.494879 
38.000000 26.362024 
37.000000 26.393505 
36.000000 26.508162 
