33.000000 55.745537 
34.000000 55.791080 
35.000000 55.912735 
36.000000 55.836693 
37.000000 55.702095 
38.000000 55.425766 
39.000000 55.643185 
40.000000 55.661667 
41.000000 55.471649 
42.000000 55.601997 
43.000000 55.515720 
44.000000 55.389328 
45.000000 55.328880 
46.000000 54.972218 
47.000000 54.532047 
48.000000 53.787430 
48.514580 54.000000 
49.575905 53.000000 
50.619404 52.000000 
51.406551 51.000000 
51.926434 50.000000 
52.339912 49.000000 
52.681858 48.000000 
52.821667 47.000000 
52.924541 46.000000 
53.181255 45.000000 
53.358204 44.000000 
53.546249 43.000000 
54.000000 42.000000 
53.325893 41.000000 
52.473087 40.000000 
52.069527 39.000000 
52.000000 38.000000 
51.877651 37.000000 
51.711613 36.000000 
51.206657 35.000000 
50.796410 34.000000 
50.335220 33.000000 
49.913548 32.000000 
49.369743 31.000000 
48.652611 30.000000 
47.891907 29.000000 
47.099106 28.000000 
46.214584 27.000000 
45.000000 27.441956 
44.000000 26.959595 
43.000000 26.563055 
42.000000 26.213223 
41.000000 26.096277 
40.000000 26.066420 
39.000000 26.259771 
38.000000 26.524929 
37.000000 26.797413 
36.000000 27.094440 
35.000000 27.555550 
34.000000 28.068811 
32.343391 28.000000 
33.000000 28.735714 
31.193274 29.000000 
30.327751 30.000000 
29.614372 31.000000 
29.018526 32.000000 
28.383091 33.000000 
27.827959 34.000000 
27.222040 35.000000 
26.561874 36.000000 
26.209162 37.000000 
25.935593 38.000000 
25.681515 39.000000 
25.450878 40.000000 
25.297773 41.000000 
25.257305 42.000000 
25.278212 43.000000 
25.338118 44.000000 
25.529318 45.000000 
25.851952 46.000000 
26.256964 47.000000 
26.910044 48.000000 
27.572010 49.000000 
28.247601 50.000000 
28.957609 51.000000 
29.491955 52.000000 
30.094051 53.000000 
31.851851 54.000000 
