26.000000 16.275049 
27.000000 16.226830 
28.000000 16.166956 
29.000000 16.278864 
30.000000 16.395405 
31.000000 16.590389 
32.000000 16.941391 
33.000000 17.361820 
34.000000 18.067949 
34.916954 19.000000 
35.789906 20.000000 
36.392956 21.000000 
36.777008 22.000000 
37.008198 23.000000 
37.100071 24.000000 
37.039635 25.000000 
36.796951 26.000000 
36.392399 27.000000 
35.897984 28.000000 
35.238403 29.000000 
34.450714 30.000000 
34.000000 30.548241 
33.000000 31.360415 
32.000000 32.110527 
31.000000 32.734856 
30.000000 33.291309 
29.000000 33.688591 
28.000000 34.048523 
27.000000 34.350212 
26.000000 34.564285 
25.000000 34.746223 
24.000000 34.851688 
23.000000 34.853256 
22.000000 34.813995 
21.000000 34.666317 
20.000000 34.350246 
19.000000 33.981689 
18.000000 33.472954 
17.000000 32.798279 
16.083498 32.000000 
15.246390 31.000000 
14.730908 30.000000 
14.427668 29.000000 
14.232596 28.000000 
14.166664 27.000000 
14.270541 26.000000 
14.530520 25.000000 
14.873645 24.000000 
15.333789 23.000000 
15.975882 22.000000 
16.847448 21.000000 
18.000000 19.950451 
19.000000 19.168633 
20.000000 18.458006 
21.000000 17.927637 
22.000000 17.442780 
23.000000 17.058809 
24.000000 16.706915 
25.000000 16.500000 
26.000000 16.275049 
