27.000000 10.123357 
28.000000 9.976724 
29.000000 9.863400 
30.000000 9.799653 
31.000000 9.786935 
32.000000 9.854577 
33.000000 9.980746 
34.000000 10.218182 
35.000000 10.516153 
36.000000 10.901059 
37.000000 11.360802 
38.000000 11.907063 
39.000000 12.481636 
40.000000 13.174498 
41.000000 14.009956 
42.037193 15.000000 
42.822525 16.000000 
43.488853 17.000000 
44.023972 18.000000 
44.459015 19.000000 
44.844315 20.000000 
45.093197 21.000000 
45.286251 22.000000 
45.382504 23.000000 
45.453472 24.000000 
45.444340 25.000000 
45.276966 26.000000 
45.046692 27.000000 
44.750401 28.000000 
44.376934 29.000000 
43.893410 30.000000 
43.317471 31.000000 
42.688332 32.000000 
41.931408 33.000000 
41.030758 34.000000 
40.000000 34.951942 
39.000000 35.664917 
38.000000 36.251335 
37.000000 36.828033 
36.000000 37.231030 
35.000000 37.600918 
34.000000 37.890671 
33.000000 38.085857 
32.000000 38.210960 
31.000000 38.389378 
30.000000 38.394592 
29.000000 38.384510 
28.000000 38.205933 
27.000000 38.111652 
26.000000 37.901081 
25.000000 37.575153 
24.000000 37.190590 
23.000000 36.755127 
22.000000 36.167160 
21.000000 35.571304 
20.000000 34.830532 
19.000000 33.920013 
18.061451 33.000000 
17.297354 32.000000 
16.646322 31.000000 
16.093128 30.000000 
15.678564 29.000000 
15.343476 28.000000 
15.082769 27.000000 
14.936479 26.000000 
14.849998 25.000000 
14.817114 24.000000 
14.918095 23.000000 
15.072507 22.000000 
15.255917 21.000000 
15.559752 20.000000 
15.939652 19.000000 
16.343596 18.000000 
16.903137 17.000000 
17.502914 16.000000 
18.307161 15.000000 
19.000000 14.379560 
20.000000 13.393128 
21.000000 12.649156 
22.000000 12.008839 
23.000000 11.452750 
24.000000 11.017428 
25.000000 10.647584 
26.000000 10.351947 
27.000000 10.123357 
