17.000000 5.976142 
18.000000 5.805029 
19.000000 5.687644 
20.000000 5.624775 
21.000000 5.566687 
22.000000 5.681797 
23.000000 5.842609 
24.000000 6.119446 
25.000000 6.531271 
26.000000 7.163396 
26.990883 8.000000 
27.819025 9.000000 
28.365585 10.000000 
28.732141 11.000000 
28.811409 12.000000 
28.689117 13.000000 
28.530100 14.000000 
28.187321 15.000000 
27.638865 16.000000 
26.981125 17.000000 
26.000000 17.973522 
25.000000 18.927734 
24.000000 19.727316 
23.000000 20.307196 
22.000000 20.814634 
21.000000 21.220602 
20.000000 21.541431 
19.000000 21.839211 
18.000000 21.971130 
17.000000 22.143534 
16.000000 22.276453 
15.000000 22.278408 
14.000000 22.145355 
13.000000 21.946945 
12.000000 21.690973 
11.000000 21.160151 
10.000000 20.550575 
9.368140 20.000000 
8.506958 19.000000 
7.997303 18.000000 
7.597352 17.000000 
7.356764 16.000000 
7.373136 15.000000 
7.604074 14.000000 
7.927446 13.000000 
8.370102 12.000000 
8.943505 11.000000 
9.774843 10.000000 
11.000000 8.976529 
12.000000 8.234029 
13.000000 7.510487 
14.000000 6.983887 
15.000000 6.609385 
16.000000 6.209246 
17.000000 5.976142 
