34.000000 19.199770 
35.000000 18.975740 
36.000000 18.816120 
37.000000 18.704998 
38.000000 18.686405 
39.000000 18.653849 
40.000000 18.686865 
41.000000 18.767895 
42.000000 18.937372 
43.000000 19.116871 
44.000000 19.405787 
45.000000 19.699717 
46.000000 20.091682 
47.000000 20.596403 
48.000000 21.102339 
49.000000 21.783520 
50.000000 22.476727 
51.000000 23.364716 
51.602573 24.000000 
52.444252 25.000000 
53.134785 26.000000 
53.740814 27.000000 
54.162010 28.000000 
54.499062 29.000000 
54.793713 30.000000 
54.953457 31.000000 
54.999031 32.000000 
54.980667 33.000000 
54.915085 34.000000 
54.744606 35.000000 
54.459320 36.000000 
54.091064 37.000000 
53.656422 38.000000 
53.108315 39.000000 
52.414146 40.000000 
51.588104 41.000000 
51.000000 41.546894 
50.000000 42.544186 
49.000000 43.357452 
48.000000 44.067112 
47.000000 44.693470 
46.000000 45.139664 
45.000000 45.581825 
44.000000 45.968658 
43.000000 46.249954 
42.000000 46.581848 
41.000000 46.772194 
40.000000 46.879585 
39.000000 46.942257 
38.000000 46.980507 
37.000000 46.944839 
36.000000 46.881962 
35.000000 46.781673 
34.000000 46.571655 
33.000000 46.345905 
32.000000 46.017876 
31.000000 45.682949 
30.000000 45.246395 
29.000000 44.834305 
28.000000 44.210125 
27.000000 43.557995 
26.000000 42.709885 
25.239410 42.000000 
24.325657 41.000000 
23.534365 40.000000 
22.869492 39.000000 
22.310192 38.000000 
21.917812 37.000000 
21.652771 36.000000 
21.471155 35.000000 
21.347469 34.000000 
21.340195 33.000000 
21.414024 32.000000 
21.544756 31.000000 
21.769711 30.000000 
22.076262 29.000000 
22.502186 28.000000 
23.034288 27.000000 
23.671383 26.000000 
24.454992 25.000000 
25.400904 24.000000 
26.000000 23.290503 
27.000000 22.443319 
28.000000 21.743917 
29.000000 21.111315 
30.000000 20.658752 
31.000000 20.166555 
32.000000 19.792761 
33.000000 19.471415 
34.000000 19.199770 
