17.000000 7.374987 
18.000000 7.500000 
19.000000 7.500000 
20.000000 7.500000 
21.000000 7.611464 
22.000000 7.736788 
23.000000 8.014391 
24.000000 8.232176 
25.000000 8.730655 
26.000000 9.151342 
27.000000 9.777804 
28.000000 10.427053 
28.281372 11.000000 
28.852346 12.000000 
29.052687 13.000000 
28.936026 14.000000 
28.421989 15.000000 
28.000000 15.581591 
27.000000 16.466339 
26.000000 17.062265 
25.000000 17.576624 
24.000000 17.894241 
23.000000 18.032852 
22.000000 18.277157 
21.000000 18.356936 
20.000000 18.382200 
19.000000 18.502300 
18.000000 18.492897 
17.000000 18.500000 
16.000000 18.599201 
15.000000 18.465937 
14.000000 18.097771 
13.000000 17.883600 
12.000000 17.461203 
11.000000 17.116905 
10.000000 16.658127 
9.000000 16.032255 
7.964056 15.000000 
7.308952 14.000000 
7.219978 13.000000 
7.284189 12.000000 
8.006520 11.000000 
9.000000 9.709699 
10.000000 9.024312 
11.000000 8.602732 
12.000000 8.153693 
13.000000 7.857452 
14.000000 7.750365 
15.000000 7.623055 
16.000000 7.390032 
17.000000 7.374987 
