33.000000 26.794500 
32.000000 27.150938 
31.000000 27.577404 
30.000000 27.929701 
29.000000 28.353006 
28.000000 28.879057 
27.000000 29.305378 
26.000000 30.051382 
25.000000 30.994413 
24.375687 32.000000 
23.705666 33.000000 
23.473179 34.000000 
23.404144 35.000000 
23.315479 36.000000 
23.191790 37.000000 
23.003641 38.000000 
22.871149 39.000000 
22.668249 40.000000 
22.485712 41.000000 
22.437807 42.000000 
22.353170 43.000000 
22.378376 44.000000 
22.683315 45.000000 
23.167488 46.000000 
23.882891 47.000000 
24.521023 48.000000 
24.964376 49.000000 
25.289837 50.000000 
25.790567 51.000000 
26.692036 52.000000 
28.000000 51.520344 
29.000000 52.035587 
30.000000 52.752251 
31.000000 53.591747 
32.000000 53.965244 
33.000000 54.189983 
34.000000 54.438377 
35.000000 54.671677 
36.000000 55.139881 
37.000000 55.561031 
38.000000 55.220638 
39.000000 54.658836 
40.000000 54.105453 
41.000000 53.793335 
42.000000 53.436279 
43.000000 53.024265 
44.000000 52.606071 
45.000000 51.980839 
46.000000 51.255066 
47.396805 50.000000 
48.184807 49.000000 
48.865555 48.000000 
49.397350 47.000000 
49.871418 46.000000 
50.268223 45.000000 
50.651466 44.000000 
50.903736 43.000000 
51.017262 42.000000 
51.159119 41.000000 
51.352097 40.000000 
51.429596 39.000000 
51.227230 38.000000 
51.008705 37.000000 
50.769867 36.000000 
50.532101 35.000000 
50.078205 34.000000 
49.549320 33.000000 
48.789566 32.000000 
48.000000 30.521477 
47.000000 29.723850 
46.000000 28.938120 
45.000000 28.264462 
44.000000 27.713032 
43.000000 27.174246 
42.000000 26.808582 
41.000000 26.514719 
40.000000 26.417963 
39.000000 26.374191 
38.000000 26.339985 
37.000000 26.300335 
36.000000 26.230572 
35.000000 26.284723 
34.000000 26.480001 
33.000000 26.794500 
