35.000000 56.238785 
36.000000 56.396076 
37.000000 56.500000 
38.000000 56.694645 
39.000000 56.755554 
40.000000 56.695232 
41.000000 56.613602 
42.000000 56.410294 
43.000000 56.191990 
44.000000 55.915081 
45.000000 55.585335 
46.000000 54.903957 
47.000000 54.395023 
48.000000 53.798939 
49.000000 53.244743 
50.000000 52.789898 
51.334595 51.000000 
51.871685 50.000000 
51.948208 49.000000 
52.061462 48.000000 
52.215687 47.000000 
52.343903 46.000000 
52.255470 45.000000 
52.136627 44.000000 
52.084995 43.000000 
51.938168 42.000000 
51.931999 41.000000 
51.882931 40.000000 
51.684734 39.000000 
51.451923 38.000000 
51.243488 37.000000 
51.251087 36.000000 
51.377476 35.000000 
51.752075 34.000000 
51.146126 33.000000 
50.109806 32.000000 
48.955757 31.000000 
47.907059 30.000000 
46.979237 29.000000 
45.955379 28.000000 
45.000000 28.042742 
44.000000 27.340754 
43.000000 26.707821 
42.000000 26.261206 
41.000000 25.941549 
40.000000 25.646694 
39.000000 25.659096 
38.000000 26.106327 
37.000000 26.369408 
36.000000 26.869394 
35.000000 27.441332 
34.000000 27.942623 
33.000000 28.467422 
32.000000 28.977787 
31.000000 29.409241 
30.000000 30.218895 
28.944027 31.000000 
28.320902 32.000000 
27.760384 33.000000 
27.047644 34.000000 
26.276554 35.000000 
25.655762 36.000000 
25.200247 37.000000 
24.922646 38.000000 
24.681753 39.000000 
24.500553 40.000000 
24.458351 41.000000 
24.485367 42.000000 
24.660011 43.000000 
24.866312 44.000000 
25.122417 45.000000 
25.496288 46.000000 
26.104195 47.000000 
26.774368 48.000000 
27.358223 49.000000 
28.001230 50.000000 
28.641369 51.000000 
29.316963 52.000000 
30.022228 53.000000 
30.544460 54.000000 
29.000000 54.902485 
