35.000000 53.381264 
36.000000 54.123417 
37.000000 53.990921 
38.000000 54.018852 
39.000000 53.976742 
40.000000 53.822002 
41.000000 53.665703 
42.000000 53.505051 
43.000000 53.431862 
44.000000 53.210651 
45.000000 52.913609 
46.000000 52.518265 
47.000000 51.996021 
48.000000 51.363308 
49.356838 50.000000 
50.081318 49.000000 
50.674110 48.000000 
51.096714 47.000000 
51.445450 46.000000 
51.699986 45.000000 
51.897343 44.000000 
51.997223 43.000000 
52.066410 42.000000 
52.077007 41.000000 
52.027752 40.000000 
51.938049 39.000000 
51.859604 38.000000 
51.736778 37.000000 
51.473656 36.000000 
51.038418 35.000000 
50.535133 34.000000 
49.894875 33.000000 
49.184280 32.000000 
48.361324 31.000000 
47.000000 29.838787 
46.000000 28.961250 
45.000000 28.240362 
44.000000 27.744169 
43.000000 27.334579 
42.000000 27.098015 
41.000000 26.918133 
40.000000 26.757971 
39.000000 26.693367 
38.000000 26.726784 
37.000000 26.794292 
36.000000 26.848221 
35.000000 26.868622 
34.000000 26.840097 
33.000000 26.935106 
32.000000 27.332876 
31.000000 27.902351 
30.000000 28.500000 
29.000000 29.084881 
28.000000 29.650818 
27.000000 30.434353 
27.150854 31.000000 
26.193623 32.000000 
25.262812 33.000000 
24.303164 34.000000 
23.953869 35.000000 
23.750011 36.000000 
23.638273 37.000000 
23.560930 38.000000 
23.544739 39.000000 
23.628834 40.000000 
23.768717 41.000000 
23.985947 42.000000 
24.225435 43.000000 
24.579275 44.000000 
24.882513 45.000000 
25.208170 46.000000 
25.592936 47.000000 
26.088390 48.000000 
26.703171 49.000000 
27.375320 50.000000 
28.232424 51.000000 
29.077461 52.000000 
