55
2 62.9085083
2 63.41710663
2 63.78078842
2 64.13594055
2 65.52809143
2 66.48176575
2 66.88500977
2 76.34889984
2 54.8879776
2 53.98745346
2 53.08001328
2 51.90695953
2 51.00930023
2 49.80068588
2 48.95930481
2 48.134552
2 47.73639679
2 46.96538162
2 46.18911362
2 45.76810074
2 45.04619217
2 43.9099617
2 43.15226364
2 42.71889114
2 42.00994492
2 41.4008522
2 40.90466309
2 40.25671768
2 39.80691147
2 39.07457733
2 37.92299652
2 31.98538399
2 31.09049034
2 29.9062233
2 29.0241642
2 28.30892944
2 28.13819695
2 28.04349899
2 27.87682533
2 19.30251122
2 42.11687469
2 43.00899124
2 43.90241241
2 45.07970047
2 45.97126007
2 47.16699982
2 48.00748062
2 57.97295761
2 59.07926941
2 59.66552353
2 60.13245392
2 60.96329498
2 61.84517288
2 62.19881821
2 62.9085083
