55
2 60.91843414
2 59.81417084
2 58.92009735
2 58.07093048
2 56.49784851
2 55.41651154
2 54.90726471
2 29.98825836
2 16.65464401
2 16.96045685
2 17.25204849
2 17.7156868
2 18.02708054
2 18.49580574
2 18.90813828
2 19.28438377
2 19.47733498
2 19.93170357
2 20.34766769
2 20.61000252
2 21.07180786
2 21.84689903
2 22.27095222
2 22.51939201
2 23.01490021
2 23.52315331
2 23.87866592
2 24.36013603
2 24.69202232
2 25.12945938
2 25.87929726
2 30.97097969
2 31.29616547
2 31.66767311
2 32.03878021
2 33.07752228
2 34.00959015
2 35.0045166
2 35.96871948
2 56.02315903
2 72.34864044
2 72.02677917
2 71.71950531
2 71.23155975
2 70.91951752
2 70.40413666
2 70.01714325
2 63.95822525
2 63.09864044
2 62.58932114
2 62.2616272
2 61.89990997
2 61.55292511
2 61.39407349
2 60.91843414
